0.0000150000 0000000000000000
0.0050250000 0000000000000001
0.1400250000 0000000000000000
0.1450250000 0000000000000001
0.1500250000 0000000000000000
0.1550250000 0000000000000001
0.1650250000 0000000000000000
0.1750250000 0000000000000001
0.1783650000 0000000000000000
0.1800250000 0000000000000001
0.1850250000 0000000000000000
0.1900250000 0000000000000001
0.1950250000 0000000000000000
0.2000250000 0000000000000001
0.2100250000 0000000000000000
0.2250250000 0000000000000001
0.2350250000 0000000000000000
0.2400250000 0000000000000001
0.2450250000 0000000000000000
0.2550250000 0000000000000001
0.2600250000 0000000000000000
0.2650250000 0000000000000001
0.2700250000 0000000000000000
0.2750250000 0000000000000001
0.2800250000 0000000000000000
0.2950250000 0000000000000001
0.3000250000 0000000000000000
0.3100250000 0000000000000001
0.3250250000 0000000000000000
0.3550250000 0000000000000001
0.3600250000 0000000000000000
0.3700250000 0000000000000001
0.3750250000 0000000000000000
0.3800250000 0000000000000001
0.3900250000 0000000000000000
0.4050250000 0000000000000001
0.4100250000 0000000000000000
0.4250250000 0000000000000001
0.4350250000 0000000000000000
0.4450250000 0000000000000001
0.4550250000 0000000000000000
0.4600250000 0000000000000001
0.4700250000 0000000000000000
0.4800250000 0000000000000001
0.4850250000 0000000000000000
0.4900250000 0000000000000001
0.4950250000 0000000000000000
