0 0100001011110001
1 1110000111111110
2 0111110101110000
3 0101001110100000
4 0001111110010011
5 1001010001000001
6 1111101110110010
7 1100100110001000
8 0010010111101110
9 1111100000000010
10 0011010101000001
11 0001101101100101
12 1101011010011111
13 0011101110100011
14 0101111011111001
15 1000100101110100
16 0101111011110111
17 1111100111000100
18 0000000000110011
19 0100001000000100
20 0011001101011000
21 0000001001100100
22 0110111111111100
23 1000011110101100
24 0010011110010101
25 1000000111101011
26 1001001110110001
27 1001101001010100
28 0101111111110111
29 1101011001100110
30 1101011001100110
31 0110010101010101
32 1101101000000110
33 0100111000100000
34 1100100001101000
35 0001110001110000
36 0011011110000011
37 1111110100011010
38 1110100011001001
39 1100010101110110
40 1101011111001000
41 0100111100101100
42 1000000010010100
43 1010010110110011
44 0011000001001111
45 0011100000110101
46 0010000010011110
47 1100000001111001
48 1110001111000010
49 1111010011101010
50 0110101000110000
51 1011000010111100
52 0111110100010111
53 0010100001101011
54 1100111110000100
55 1101000100000010
56 0111100110110111
57 0111100000110110
58 0100110001101011
59 0000100011100100
60 0100100110001110
61 1010101110100110
62 0001101111101011
63 1101011111100101
64 1011111010110100
65 1111101011000110
66 1010110101011101
67 0001110000101011
68 0001000110111000
69 1011101111101100
70 1010010011100000
71 1110010100011111
72 0110111100000110
73 0110101001100111
74 0011001011000100
75 1101011000100100
76 0100011011010111
77 0100101010101010
78 1101011010001110
79 0110101111010111
80 0000001011010100
81 0011001000011001
82 1000110001001110
83 1000101011110001
84 1011110110011001
85 1100010001110111
86 0000011001100001
87 1010011000111101
88 1001000001010011
89 1100010011011011
90 1001001100100110
91 1100010010100100
92 0011011001100111
93 0101011011101010
94 1001001100000100
95 1100001010111011
96 0111001110010111
97 0111011111000101
98 1010101001100101
99 1100001101011100
100 0000101111110111
101 0111111001011101
102 1010110111000100
103 0001111001000101
104 0010110000110010
105 1110001000110000
106 0011100100101001
107 0001100101001011
108 0101001000111001
109 1100000101111110
110 0100101010100001
111 1010000011100011
112 0011000100111011
113 0110010111101110
114 1010000110111011
115 1101001100100110
116 1110110000010110
117 1000100001001001
118 0011001111101011
119 1001111010110111
120 1101111110100010
121 0101010101001100
122 0110000100100011
123 0101000001100110
124 0000101101010101
125 1111001111010100
126 0101010101001101
127 0101101111001101
128 0001011000111111
129 1100011111111110
130 1001010101010001
131 1100110001101001
132 1111000011101001
133 0001000101011010
134 0000101111101111
135 1011111000110100
136 1000010000110000
137 0111000110100011
138 0001001100001010
139 0100100010101001
140 0101001011000001
141 1011110011010001
142 0011100010001000
143 0110101111111001
144 0100010100100011
145 1110011111010100
146 0111110110100101
147 0110011110000111
148 1101110111110010
149 1111010000010000
150 1000011111101011
151 0000001010111101
152 0001011110001111
153 1000100000100100
154 1010100010110111
155 1110110011111001
156 0101000100011110
157 1111011001011010
158 1111010000101000
159 1010000001100111
160 0111010101110000
161 1010001101111010
162 1010110100000000
163 0100000011001011
164 1010101010011001
165 0100000000110111
166 0101001101001001
167 1110011011010011
168 0100011100001000
169 1110111101100011
170 0111011110001111
171 1100001011001101
172 1011001010111101
173 0100010001100001
174 0100101100100111
175 1101100010101011
176 0111011101100100
177 1000001110101110
178 1010010011011110
179 1001111111110011
180 0011111101000001
181 0110010101001111
182 0000101010101000
183 0101111011100010
184 0010110010001110
185 1000100010100000
186 0101001100000110
187 1010110101000101
188 0110110101011010
189 0001010011110110
190 0101101101100011
191 1110001100001101
192 0000001101010101
193 0101011110110101
194 1101010001100001
195 1110101100011100
196 0001110110100000
197 0011001111100110
198 0101000110101001
199 0101000101100101
200 1000000110001000
201 1111010000000001
202 1011000111110001
203 0010000100110000
204 1010000110110100
205 1101110101000010
206 1100101010011010
207 0011010110001001
208 1000111100100101
209 1010110111010011
210 1001011010000111
211 1111110110111001
212 0000100000000010
213 0000111011010011
214 0011100011101101
215 0111100001101100
216 0100111001000010
217 0110110000110000
218 0110011110100010
219 0010110001001011
220 0101111101000111
221 1001010011010101
222 0101000110010110
223 1001010000100011
224 1110100110111111
225 0101000111000110
226 0011100100111110
227 1101011010010000
228 1011000100100100
229 0001001010001111
230 0110000101001010
231 0110100001111001
232 1101110100010010
233 0100011010000011
234 0110001100100011
235 0101010111000111
236 0011000010011001
237 0001110010111000
238 1001101000010110
239 1110100010000101
240 1101101011101011
241 0010001010110001
242 1110010010110110
243 1001010010101111
244 0101011100111110
245 1111110010100101
246 0100111110011011
247 0110011011010111
248 1000101111101101
249 0000111010101100
250 1110111001100110
251 1001100110011010
252 0101111101001000
253 0010110001010100
254 1110110111110100
255 0100010111100101
256 1010110010100010
257 1010001111001100
258 1011100100101010
259 1001111001010111
260 0111110111110010
261 0001110100001100
262 0110100001001011
263 0100101100001100
264 0100111001111110
265 0100000011001000
266 0110111000001010
267 1000001000101101
268 0001010111011010
269 1101101100111000
270 1011010011100111
271 1011100111100011
272 0010010000100100
273 0000110100100001
274 0101111011000111
275 1110110110011010
276 0110011001100100
277 0100010111011001
278 0000000100001001
279 1100000011001101
280 0000010100001010
281 1001101110100011
282 0100000011010101
283 0001010100110011
284 1001110010010010
285 1010110101101010
286 1010000000000110
287 1101101011111110
288 1111001100101011
289 0011001001111011
290 0110011001100101
291 0100011010101001
292 0000100000010100
293 1111111101011010
294 0001011101001001
295 1001000100110000
296 1101011111000001
297 0111010001111000
298 0001011110100011
299 1000100010110001
300 1011011000110011
301 1111001110000110
302 0111110110010000
303 1100011111010101
304 0101110001100111
305 1000011011101001
306 1100100011010100
307 1111001110100110
308 1011110111000001
309 1011100001100100
310 0110100011011100
311 1111001111110001
312 1100110100001100
313 1101110111111100
314 1001000101110111
315 1010100011010001
316 1001000110011100
317 0010011000110010
318 0010001111111110
319 1110011010010000
320 1010010100100101
321 0101010000100100
322 1111100000100011
323 1011110010000110
324 1111011110010001
325 1001101111110010
326 0100101011001011
327 1111111111010011
328 1111010001110010
329 1100111001101110
330 0001110011100111
331 1101100111110110
332 1011111110110110
333 1001011000010101
334 1011010110011100
335 1110011111100101
336 1000110001000110
337 0000110111100010
338 0001001000111100
339 0100110100000100
340 1100111011110000
341 0010001011001110
342 1011010010000111
343 0010011110101111
344 1001111110111010
345 1100000000110001
346 0101011101101000
347 1111011101011110
348 1101001110111111
349 1111101111010000
350 1010000011001010
351 1010010001100111
352 0001100101010100
353 1011010011101011
354 1010001011011001
355 1110011110111001
356 1100000010010101
357 1011000010000000
358 0110110010111011
359 0010100001011011
360 0110001111101110
361 1010000101000011
362 0101011110100101
363 1011101000100100
364 0111101101100010
365 1000000000000101
366 0100110000001011
367 1100101101111110
368 1100011000100000
369 0001110101101001
370 0111110011011001
371 1010110001100000
372 1111011110001100
373 1100100101100110
374 1101101100010001
375 0010101111001010
376 1101110000010001
377 0100100000011001
378 0101001000101101
379 1110010000011010
380 1111111100010101
381 1000100100110000
382 0010101110100000
383 1001111001001001
384 1010011111101110
385 1111100110001010
386 0100000011111101
387 0101101011001011
388 0111101001111111
389 1100111000011100
390 1100010010101101
391 0100110111000001
392 1110110111100000
393 1010011111110110
394 1011101101110000
395 1111001010000010
396 1010101101000100
397 1010110101010000
398 1000011010001111
399 0111010111001001
400 1100110111000100
401 0011101111110000
402 0101110111100110
403 1001110011100011
404 0001010010011010
405 1010111000011110
406 1110011101010100
407 0010101001100100
408 1000011111100110
409 0001111100010010
410 0000100011001000
411 0111011111100001
412 0100111011001011
413 0100101011011010
414 0000110101001010
415 0001011111011111
416 1011110000011011
417 0101001110000011
418 0010100100001110
419 0101001101101001
420 0010001110100101
421 1100110010010001
422 1010001000000110
423 0100111010100001
424 0011110010100001
425 0010000100111101
426 0111001111110001
427 0010110101100111
428 1010010100111001
429 1000001110100011
430 1000111011110011
431 0000010101111011
432 1001110110000011
433 0100011011010001
434 1011110100001101
435 1101011100001101
436 1001011011010010
437 0101000010000110
438 1000101101011100
439 1010010010010011
440 0000111101010100
441 1100100001010010
442 1010000011001111
443 1011111100001111
444 1100110110001011
445 0000110011110001
446 0111000100011011
447 1111001111110110
448 1111000010111111
449 1100100011010111
450 1100100101100010
451 1100110011000010
452 0001000111101001
453 1001110000111010
454 1111010110111011
455 0101100111101001
456 1101101101101001
457 0100101111100110
458 0110011111011011
459 0111011001111111
460 1000010010100010
461 0111111110100101
462 0101110001010101
463 0000101001101010
464 0011000110000101
465 1001011011010101
466 1011101100111110
467 0110101010101011
468 0011001110101011
469 1010001001100101
470 0101100010110100
471 0011000110001110
472 1010000011000001
473 0100100111000011
474 1111001100010010
475 1100010000001010
476 0011011101010011
477 0101010100111000
478 0000010011010100
479 0001111001010111
480 0110110001000100
481 0110100010011110
482 0000100101000010
483 1011110011110010
484 0111110100111011
485 1101011010100100
486 0110100001011100
487 0000000000010000
488 0011110001110100
489 1110110110101111
490 1011000100100101
491 1101000101001001
492 0011100101000000
493 0011111110100011
494 0100011010100110
495 1000010101011011
496 1001111111100110
497 1001111011001000
498 0011100001011000
499 0010111110110011
500 0111000000110000
501 0110010001011001
502 1100000110110100
503 1100011111100000
504 0001000011001011
505 0000111111101100
506 1001001101011000
507 0100100000010111
508 0010010001001001
509 1100001000011011
510 0000010110100000
511 1111110000100001
512 1100010100111100
513 0111111000110101
514 0111001010001100
515 0000100001010010
516 0010011010101011
517 0101001010101101
518 0011001101111000
519 1011101011011011
520 1101010110001110
521 0101101011001010
522 1100111000100110
523 0011000000111010
524 0010011000111000
525 0001001000000101
526 0100011010101011
527 0100101110111110
528 0111000010001101
529 0000000001100000
530 0010001001100010
531 0001101011011010
532 0111000101111101
533 0010010111001000
534 1000011110000001
535 0011110101001010
536 1101000110011011
537 0111101100100000
538 1011011000010100
539 0111010101100010
540 1001000001110110
541 0101000001111000
542 1101110011011100
543 1110101101100001
544 1000001110000111
545 1001101101100011
546 0110111100111110
547 0100001110111101
548 0000011110000111
549 1111011101001011
550 0001000011101000
551 0000000010101110
552 0010100110101101
553 1001100110011101
554 1101010011011111
555 1101100111000000
556 1100100100111011
557 1101010100000000
558 1011011110101010
559 0011101111111000
560 1111000100001011
561 0110001110000110
562 0011010101000110
563 1111111000000101
564 0010000010000011
565 0010111000001101
566 1011010000001011
567 0110000001010111
568 0111101101011001
569 1000101100100110
570 1000001010000100
571 0000010101001011
572 0100110000110011
573 1111100000001110
574 1110111111101010
575 1100011010110111
576 0010100000011111
577 1011110100001101
578 0101000010110001
579 1111011001000000
580 0101100000100100
581 1111010000111011
582 1010010011001000
583 0101001100111111
584 1111101100111100
585 0100000000001110
586 1110111001101110
587 0000110100111111
588 0010010111000000
589 1101010000101010
590 0000100111100101
591 1100001001000000
592 1110001010111110
593 1100111000001000
594 0011101001100101
595 0011110111100100
596 0011001110110010
597 1110101101010001
598 1101100011100111
599 0111101000111011
600 1100001100000110
601 0101000101110111
602 1111000110011010
603 0011000010001111
604 1011111001001000
605 1001110111010000
606 1001000010100100
607 1101011111101011
608 0010000100100100
609 1111001010101011
610 0101000001111010
611 1001111010100110
612 1111101111111001
613 0010111011110001
614 1001001101100111
615 1111110011100111
616 1011100111100001
617 0001010111110101
618 1110011111000001
619 0110111000010111
620 1101001101111001
621 1010110001011111
622 0110000111010110
623 0110111101001000
624 0110111110111110
625 0011001101111001
626 0011010111111110
627 1000111101010011
628 1001100111111011
629 0000001111011100
630 0111010111110111
631 0010011111110011
632 0110100011111110
633 0111001001010100
634 1111110110011110
635 0000101011110000
636 1001000110000111
637 1100010011011101
638 1101100101001110
639 0111111011111000
640 1101001100101000
641 1000101100110101
642 1000011011010000
643 0100000110010001
644 0111010011001100
645 1011011110001111
646 0101100010111000
647 0111011110010010
648 1101011101000100
649 1100011111110010
650 0100111010000111
651 1001001101100010
652 1000111111110110
653 1101000000001011
654 1101000001110100
655 0111000011111001
656 1100100001101001
657 1011111101011100
658 1000100100111110
659 1111010010111001
660 0100010101100101
661 0111000000000001
662 1000111011110001
663 0001110101011000
664 0001000000011111
665 1100110011001111
666 0011110100110110
667 0111001010000110
668 1010001001010001
669 0001110011101010
670 0100101011011111
671 1000111111110011
672 1000111101011101
673 0010000110001110
674 0100101000001011
675 0110110011111000
676 0000010010000111
677 1101111000110000
678 0010001001011000
679 1101101001010100
680 0001110110100010
681 1001000011010011
682 0101101011010101
683 1111101000101011
684 0111110011100100
685 0110111101000011
686 0101110101111011
687 0000001101101110
688 1001011110000100
689 1110100000101011
690 1110011000010111
691 1101001001101001
692 0010100000101110
693 0010011110100110
694 0110110001001010
695 1110010110000101
696 1011101011000010
697 0010001100000011
698 1101000010000111
699 0001110111101011
700 1111011011001110
701 1010110001000111
702 0011011010001011
703 1101101110100011
704 1110110001110110
705 0110111101001011
706 1111010010111100
707 0100101101001000
708 0101101111111110
709 1000100110111110
710 1001010100100110
711 1011100110000110
712 1101011010000100
713 0001100110111000
714 1000110011010100
715 0000010101010100
716 0111010001101101
717 1001000101001000
718 1000000101111100
719 1010111100000011
720 0111110010111010
721 0011010001101001
722 0001000100111011
723 0110110110001000
724 1011100000011000
725 1101111110010010
726 0010000101101010
727 0001000111010000
728 0101010000110110
729 1000101010110001
730 1110110001000100
731 0001110000010111
732 0101101001001100
733 0000001000011011
734 1101011111101110
735 0111011011100001
736 0001101001111010
737 0011011010001110
738 1100000100001100
739 0101011111001001
740 0001110111010100
741 1110001000010001
742 1110100110010110
743 0010110110011110
744 0101001000101001
745 1101110110100011
746 0111111110110001
747 1011111000011010
748 1111110001110001
749 0001110010100101
750 0001111011010101
751 0011110010000100
752 1101110011100101
753 1110001001100001
754 0010101111001010
755 1001001011111011
756 1000001110000011
757 0110101111111100
758 1100111000010110
759 0011011110111000
760 0100101010011001
761 1010000101100000
762 0001000001011101
763 0110010010000001
764 0110111101111100
765 0111110100001011
766 0001010111010100
767 0110110101100010
768 1110001001110010
769 0001011111110001
770 0111011111000010
771 0000100101101011
772 1111100001011011
773 1001111110111110
774 0111110110111011
775 0110001000011111
776 1110101010011100
777 0011001001101110
778 0000001101110101
779 1010010011110001
780 1110001110001101
781 1110100001110100
782 1000101101100001
783 1000011000001011
784 1011100100111011
785 0010001000101111
786 0111100000010110
787 0001111100111110
788 0111010011111111
789 0000001001100100
790 0001001000100110
791 1000100001000000
792 0100001111110001
793 1100110111011110
794 0011011110100101
795 1000001011000111
796 0111000000010001
797 1100011010100010
798 1010110100110110
799 0100111100110111
800 0100011110011011
801 1110000010111101
802 0111001111100101
803 0000111100000100
804 1000111111010011
805 0111000011011101
806 1000010001010100
807 0110111010101100
808 0001101000101000
809 0110110001001001
810 1010010110000110
811 1100111001111111
812 0100110110110000
813 0111100011001011
814 0011001011101101
815 0111000000001011
816 1011000101110111
817 0100100000010101
818 0000011010111011
819 0001001010010011
820 1111010111110111
821 0110111001111001
822 1000110110110010
823 0110100110000011
824 1110001100011000
825 1110101010000101
826 0111111000010111
827 0111101110101000
828 0010010001111100
829 0001011000010111
830 0100111111001001
831 1011101001001000
832 1010011111110110
833 1000000010010010
834 1011011001100100
835 0001101111110011
836 0000101001110111
837 1010011000011111
838 0111101110011101
839 1001101110111000
840 1001111010010000
841 0100011101010100
842 0100101110011010
843 1000111011010001
844 0001111011111100
845 0100110110111000
846 1000000100011101
847 1001101101111010
848 1101011000001011
849 1111000011100110
850 1010110101000111
851 1100011010000100
852 0111100100101101
853 1110011100011111
854 0110100010010000
855 1101111001111100
856 0011110010111100
857 1010010000011001
858 1101110010000101
859 1101101111110100
860 1110110101010100
861 1111010011100011
862 1000100000011100
863 1101111000000001
864 1001001100000110
865 1010010011110111
866 1101001001001010
867 0000110000101101
868 1111011011010100
869 1110010101010111
870 0110001010001010
871 1111011010001111
872 0010101100011101
873 1000000101010110
874 1011001100000010
875 1011000110100101
876 0100011000101011
877 1000101100001010
878 1000111100010011
879 0000011111001110
880 1010100111001110
881 0101101100111111
882 1001101010110000
883 1110101001001000
884 0111001100100111
885 0000111100101010
886 0101101010010010
887 0000111111011111
888 1001101000010010
889 1011011111101001
890 0100111010101110
891 1010001101110011
892 1110111010001110
893 0100000111101010
894 1101011110000111
895 0110100101111001
896 1110100010010110
897 0110001111011001
898 0001110001100101
899 0111001111101011
900 0111100110101101
901 1101011111000011
902 0001011010000110
903 0100101101101110
904 1010100101010110
905 0011111000110001
906 1001111100101101
907 1011001001011000
908 0100010001001011
909 0001000010100111
910 0010101111101001
911 1011010000011101
912 1011110010010010
913 0111010010011101
914 0000010110101111
915 0001001111100011
916 0101110110001111
917 0101101000100011
918 0111100100000100
919 1011100010100101
920 1110010101000110
921 1100101111001110
922 1011110001001011
923 0100101100110011
924 0111001100110010
925 1111100100101110
926 1111110000000001
927 0011110110000010
928 0100011101011011
929 1011101100000110
930 1101010101110010
931 0011110100010010
932 0000101010010000
933 0111000000100001
934 0111110110101111
935 0110110111010011
936 1100100101000111
937 0011110111001111
938 0000111000011000
939 0011001001000100
940 1100010011000111
941 0101110000110101
942 0100100111101001
943 1000100001011010
944 0101111101011001
945 1001001000001001
946 1100101010111000
947 1001111001001001
948 1101110010000011
949 1111001001100011
950 1000110100011000
951 0011011011101001
952 1010011110001000
953 0000111100011010
954 0110000011000001
955 0101110100100011
956 1011001110101111
957 0010000010001111
958 1100100101101011
959 0111000110011010
960 0101011100000100
961 1000110101101011
962 1001001011001000
963 1001100000110111
964 1101001100011110
965 0010101000101010
966 0110111001011010
967 1101111111011111
968 1000000101110001
969 0010111101011101
970 0001000001010111
971 1101100010010011
972 1110100100001111
973 0001000000110111
974 0110100110001110
975 1000111010110011
976 1101001001011101
977 0110111001111111
978 1010000111011110
979 1101010011101100
980 0110110101111101
981 1001000100001010
982 1000110001000100
983 1111110111010101
984 1100100010001110
985 0110111000101001
986 0110111100011111
987 1000011110010111
988 0010111000101111
989 0011011110111001
990 0110100010111011
991 0000001100111101
992 1000011001100000
993 1010001011000111
994 1010000011101011
995 0100110001111110
996 0111111001101111
997 1110100000001101
998 0010100010010101
999 0001000001101010
